% time  Temperature
19.00	30.03
19.50	30.48
20.00	30.95
20.50	31.44
21.00	31.95
21.50	32.49
22.00	33.05
22.50	33.63
23.00	34.23
23.50	34.85
24.00	35.49
24.50	36.15
25.00	36.84
25.50	37.55
26.00	38.28
26.50	39.02
27.00	39.79
27.50	40.58
28.00	41.39
28.50	42.23
29.00	43.08
29.50	43.94
30.00	44.83
30.50	45.74
31.00	46.66
31.50	47.6
32.00	48.55
32.50	49.51
33.00	50.49
33.50	51.48
34.00	52.48
34.50	53.48
35.00	54.49
35.50	55.51
36.00	56.53
36.50	57.56
37.00	58.59
37.50	59.61
38.00	60.64
38.50	61.67
39.00	62.7
39.50	63.73
40.00	64.75
40.50	65.77
41.00	66.79
41.50	67.8
42.00	68.81
42.50	69.81
43.00	70.81
43.50	71.8
44.00	72.79
44.50	73.77
45.00	74.75
45.50	75.71
46.00	76.67
46.50	77.63
47.00	78.57
47.50	79.51
48.00	80.44
48.50	81.37
49.00	82.28
49.50	83.19
50.00	84.09
50.50	84.99
51.00	85.87
51.50	86.75
52.00	87.62
52.50	88.48
53.00	89.34
53.50	90.18
54.00	91.02
54.50	91.85
55.00	92.68
55.50	93.49
56.00	94.3
56.50	95.1
57.00	95.9
57.50	96.68
58.00	97.46
58.50	98.23
59.00	98.99
59.50	99.75
60.00	100.5
60.50	101.24
61.00	101.97
61.50	102.7
62.00	103.42
62.50	104.13
63.00	104.84
63.50	105.54
64.00	106.23
64.50	106.91
65.00	107.59
65.50	108.26
66.00	108.93
66.50	109.59
67.00	110.24
67.50	110.89
68.00	111.52
68.50	112.16
69.00	112.79
69.50	113.41
70.00	114.02
70.50	114.63
71.00	115.23
71.50	115.83
72.00	116.42
72.50	117
73.00	117.58
73.50	118.15
74.00	118.72
74.50	119.28
75.00	119.84
75.50	120.39
76.00	120.93
76.50	121.47
77.00	122.01
77.50	122.54
78.00	123.06
78.50	123.58
79.00	124.09
79.50	124.6
80.00	125.1
80.50	125.6
81.00	126.09
81.50	126.58
82.00	127.06
82.50	127.54
83.00	128.02
83.50	128.49
84.00	128.95
84.50	129.41
85.00	129.86
85.50	130.31
86.00	130.76
86.50	131.2
87.00	131.64
87.50	132.07
88.00	132.5
88.50	132.93
89.00	133.35
89.50	133.76
90.00	134.17
90.50	134.58
91.00	134.98
91.50	135.38
92.00	135.78
92.50	136.17
93.00	136.56
93.50	136.94
94.00	137.32
94.50	137.7
95.00	138.07
95.50	138.44
96.00	138.8
96.50	139.16
97.00	139.52
97.50	139.88
98.00	140.23
98.50	140.57
99.00	140.92
99.50	141.26
100.00	141.59
100.50	141.93
101.00	142.26
101.50	142.59
102.00	142.91
102.50	143.23
103.00	143.55
103.50	143.86
104.00	144.17
104.50	144.48
105.00	144.78
105.50	145.09
106.00	145.38
106.50	145.68
107.00	145.97
107.50	146.26
108.00	146.55
108.50	146.83
109.00	147.11
109.50	147.39
110.00	147.67
110.50	147.94
111.00	148.21
111.50	148.48
112.00	148.74
112.50	149
113.00	149.26
113.50	149.52
114.00	149.78
114.50	150.03
115.00	150.28
115.50	150.52
116.00	150.77
116.50	151.01
117.00	151.25
117.50	151.49
118.00	151.72
118.50	151.95
119.00	152.18
119.50	152.41
120.00	152.64
120.50	152.86
121.00	153.08
121.50	153.3
122.00	153.52
122.50	153.73
123.00	153.94
123.50	154.15
124.00	154.36
124.50	154.57
125.00	154.77
125.50	154.97
126.00	155.17
126.50	155.37
127.00	155.57
127.50	155.76
128.00	155.95
128.50	156.14
129.00	156.33
129.50	156.52
130.00	156.7
130.50	156.88
131.00	157.07
131.50	157.24
132.00	157.42
132.50	157.6
133.00	157.77
133.50	157.94
134.00	158.11
134.50	158.28
135.00	158.45
135.50	158.61
136.00	158.78
136.50	158.94
137.00	159.1
137.50	159.26
138.00	159.42
138.50	159.57
139.00	159.73
139.50	159.88
140.00	160.03
140.50	160.18
141.00	160.33
141.50	160.47
142.00	160.62
142.50	160.76
143.00	160.9
143.50	161.04
144.00	161.18
144.50	161.32
145.00	161.46
145.50	161.59
146.00	161.73
146.50	161.86
147.00	161.99
147.50	162.12
148.00	162.25
148.50	162.38
149.00	162.5
149.50	162.63
150.00	162.75
150.50	162.87
151.00	162.99
151.50	163.11
152.00	163.23
152.50	163.35
153.00	163.47
153.50	163.58
154.00	163.7
154.50	163.81
155.00	163.92
155.50	164.03
156.00	164.14
156.50	164.25
157.00	164.36
157.50	164.46
158.00	164.57
158.50	164.67
159.00	164.77
159.50	164.88
160.00	164.98
160.50	165.08
161.00	165.18
161.50	165.27
162.00	165.37
162.50	165.47
163.00	165.56
163.50	165.66
164.00	165.75
164.50	165.84
165.00	165.93
165.50	166.03
166.00	166.12
166.50	166.21
167.00	166.29
167.50	166.38
168.00	166.47
168.50	166.56
169.00	166.65
169.50	166.74
170.00	166.83
170.50	166.92
171.00	167.01
171.50	167.1
172.00	167.19
172.50	167.29
173.00	167.38
173.50	167.49
174.00	167.59
174.50	167.7
175.00	167.81
175.50	167.93
176.00	168.05
176.50	168.18
177.00	168.31
177.50	168.45
178.00	168.59
178.50	168.75
179.00	168.9
179.50	169.07
180.00	169.24
180.50	169.41
181.00	169.6
181.50	169.78
182.00	169.98
182.50	170.18
183.00	170.38
183.50	170.59
184.00	170.81
184.50	171.03
185.00	171.25
185.50	171.47
186.00	171.7
186.50	171.93
187.00	172.16
187.50	172.39
188.00	172.62
188.50	172.86
189.00	173.09
189.50	173.32
190.00	173.56
190.50	173.79
191.00	174.02
191.50	174.26
192.00	174.49
192.50	174.72
193.00	174.94
193.50	175.17
194.00	175.39
194.50	175.62
195.00	175.84
195.50	176.06
196.00	176.28
196.50	176.5
197.00	176.73
197.50	176.95
198.00	177.18
198.50	177.4
199.00	177.63
199.50	177.86
200.00	178.09
200.50	178.33
201.00	178.58
201.50	178.83
202.00	179.09
202.50	179.36
203.00	179.63
203.50	179.93
204.00	180.23
204.50	180.55
205.00	180.89
205.50	181.25
206.00	181.62
206.50	182.01
207.00	182.42
207.50	182.86
208.00	183.32
208.50	183.79
209.00	184.28
209.50	184.8
210.00	185.32
210.50	185.87
211.00	186.43
211.50	187
212.00	187.58
212.50	188.18
213.00	188.78
213.50	189.4
214.00	190.02
214.50	190.64
215.00	191.26
215.50	191.89
216.00	192.51
216.50	193.14
217.00	193.76
217.50	194.37
218.00	194.99
218.50	195.6
219.00	196.2
219.50	196.8
220.00	197.39
220.50	197.97
221.00	198.55
221.50	199.12
222.00	199.69
222.50	200.25
223.00	200.79
223.50	201.34
224.00	201.87
224.50	202.4
225.00	202.92
225.50	203.43
226.00	203.93
226.50	204.42
227.00	204.89
227.50	205.36
228.00	205.81
228.50	206.25
229.00	206.68
229.50	207.1
230.00	207.51
230.50	207.92
231.00	208.31
231.50	208.7
232.00	209.08
232.50	209.46
233.00	209.83
233.50	210.19
234.00	210.55
234.50	210.91
235.00	211.26
235.50	211.61
236.00	211.95
236.50	212.3
237.00	212.64
237.50	212.97
238.00	213.3
238.50	213.63
239.00	213.96
239.50	214.3
240.00	214.63
240.50	214.97
241.00	215.31
241.50	215.65
242.00	216
242.50	216.35
243.00	216.7
243.50	217.05
244.00	217.41
244.50	217.76
245.00	218.12
245.50	218.48
246.00	218.85
246.50	219.21
247.00	219.57
247.50	219.93
248.00	220.29
248.50	220.65
249.00	221.01
249.50	221.37
250.00	221.73
250.50	222.08
251.00	222.44
251.50	222.79
252.00	223.14
252.50	223.48
253.00	223.83
253.50	224.17
254.00	224.51
254.50	224.85
255.00	225.18
255.50	225.51
256.00	225.84
256.50	226.16
257.00	226.49
257.50	226.8
258.00	227.12
258.50	227.43
259.00	227.74
259.50	228.05
260.00	228.35
260.50	228.65
261.00	228.95
261.50	229.24
262.00	229.53
262.50	229.82
263.00	230.11
263.50	230.39
264.00	230.67
264.50	230.94
265.00	231.22
265.50	231.49
266.00	231.75
266.50	232.02
267.00	232.28
267.50	232.53
268.00	232.79
268.50	233.04
269.00	233.29
269.50	233.54
270.00	233.78
270.50	234.02
271.00	234.26
271.50	234.5
272.00	234.73
272.50	234.96
273.00	235.19
273.50	235.41
274.00	235.64
274.50	235.86
275.00	236.08
275.50	236.29
276.00	236.5
276.50	236.71
277.00	236.92
277.50	237.13
278.00	237.33
278.50	237.53
279.00	237.73
279.50	237.93
280.00	238.12
280.50	238.32
281.00	238.51
281.50	238.69
282.00	238.88
282.50	239.06
283.00	239.24
283.50	239.42
284.00	239.6
284.50	239.78
285.00	239.95
285.50	240.12
286.00	240.29
286.50	240.46
287.00	240.62
287.50	240.78
288.00	240.94
288.50	241.09
289.00	241.23
289.50	241.37
290.00	241.5
290.50	241.63
291.00	241.75
291.50	241.86
292.00	241.96
292.50	242.04
293.00	242.12
293.50	242.18
294.00	242.23
294.50	242.26
295.00	242.28
295.50	242.28
296.00	242.27
296.50	242.24
297.00	242.2
297.50	242.14
298.00	242.07
298.50	241.98
299.00	241.89
299.50	241.78
300.00	241.66
300.50	241.52
301.00	241.37
301.50	241.2
302.00	241.01
302.50	240.81
303.00	240.59
303.50	240.35
304.00	240.1
304.50	239.82
305.00	239.53
305.50	239.22
306.00	238.89
306.50	238.54
307.00	238.17
307.50	237.78
308.00	237.37
308.50	236.95
309.00	236.5
309.50	236.04
310.00	235.55
310.50	235.05
311.00	234.53
311.50	234
312.00	233.44
312.50	232.87
313.00	232.29
313.50	231.69
314.00	231.07
314.50	230.45
315.00	229.8
315.50	229.15
316.00	228.48
316.50	227.8
317.00	227.11
317.50	226.41
318.00	225.7
318.50	224.98
319.00	224.25
319.50	223.51
320.00	222.77
320.50	222.01
321.00	221.25
321.50	220.48
322.00	219.71
322.50	218.93
323.00	218.15
323.50	217.36
324.00	216.57
324.50	215.77
325.00	214.97
325.50	214.16
326.00	213.35
326.50	212.54
327.00	211.73
327.50	210.91
328.00	210.1
328.50	209.28
329.00	208.46
329.50	207.64
330.00	206.82
330.50	205.99
331.00	205.17
331.50	204.35
332.00	203.52
332.50	202.7
333.00	201.88
333.50	201.06
334.00	200.23
334.50	199.41
335.00	198.59
335.50	197.78
336.00	196.96
336.50	196.14
337.00	195.33
337.50	194.51
338.00	193.7
338.50	192.89
339.00	192.08
339.50	191.28
340.00	190.48
340.50	189.67
341.00	188.87
341.50	188.08
342.00	187.28
342.50	186.49
343.00	185.7
343.50	184.91
344.00	184.13
344.50	183.35
345.00	182.57
345.50	181.79
346.00	181.02
346.50	180.24
347.00	179.48
347.50	178.71
348.00	177.95
348.50	177.19
349.00	176.43
349.50	175.68
350.00	174.93
350.50	174.18
351.00	173.43
351.50	172.69
352.00	171.96
352.50	171.22
353.00	170.49
353.50	169.76
354.00	169.03
354.50	168.31
355.00	167.59
355.50	166.87
356.00	166.16
356.50	165.45
357.00	164.74
357.50	164.04
358.00	163.34
358.50	162.64
359.00	161.95
359.50	161.26
360.00	160.57
360.50	159.89
361.00	159.2
361.50	158.53
362.00	157.85
362.50	157.18
363.00	156.51
363.50	155.84
364.00	155.18
364.50	154.52
365.00	153.87
365.50	153.21
366.00	152.56
366.50	151.92
367.00	151.27
367.50	150.63
368.00	150
368.50	149.36
369.00	148.73
369.50	148.1
370.00	147.48
370.50	146.86
371.00	146.24
371.50	145.62
372.00	145.01
372.50	144.4
373.00	143.79
